kappa = 1.000000e+00
chi = 3.200000e+00
DA = 5.000000e-01
DB = 3.000000e-01
time_step = 80000
record_step = 1000
dt = 5.000000e-02
Nx = 256
Ny = 256
dx = 1.000000e+00
dy = 1.000000e+00
c_zero = 5.010000e-01
c_noise = 5.000000e-02
